-8.600022049112121189e-03
1.855532356900784774e-01
1.934034709539558250e-01
1.887088499380323858e-01
1.865181526875369644e-01
4.751471152756857127e+07
1.775758096743740374e+06
4.799920673921862245e+07
1.642959789533490781e+06
4.856006772949608415e+07
1.752491912467457820e+06
4.944569713004865497e+07
1.686699563426007750e+06
8.227251132915750276e+00
5.982387563427396415e+00
5.829670585483435197e+00
8.890321132759204659e+00
4.247305423949349623e-01
3.178457777666606199e-01
4.003821594109604476e-01
3.050733745727872703e-01
1.867365635512481958e+03
1.790310936335854208e+01
3.402795136608930404e-01
1.646861797424511886e+00
2.781874233294278383e+03
2.754135581064969301e+03
2.789763070218265057e+03
2.801172147896140814e+03
1.865419794104998346e+03
7.009807374435431448e+00
3.165700320202862184e-01
3.185202939711698211e-01
2.983188561577241327e-01
3.198606249805843738e-01
